{
  "nbformat": 4,
  "nbformat_minor": 0,
  "metadata": {
    "colab": {
      "provenance": [],
      "authorship_tag": "ABX9TyOLqCDOOI1bwg6fhx/+1czM",
      "include_colab_link": true
    },
    "kernelspec": {
      "name": "python3",
      "display_name": "Python 3"
    },
    "language_info": {
      "name": "python"
    }
  },
  "cells": [
    {
      "cell_type": "markdown",
      "metadata": {
        "id": "view-in-github",
        "colab_type": "text"
      },
      "source": [
        "<a href=\"https://colab.research.google.com/github/tahama2000/aleph/blob/main/CHEM539_Assignment2.ipynb\" target=\"_parent\"><img src=\"https://colab.research.google.com/assets/colab-badge.svg\" alt=\"Open In Colab\"/></a>"
      ]
    },
    {
      "cell_type": "markdown",
      "source": [
        "# CHEM539-Assignment2\n",
        "### Taha M. Mahmoud"
      ],
      "metadata": {
        "id": "FZKU0HyXX6ZM"
      }
    },
    {
      "cell_type": "markdown",
      "source": [
        "Q: Write a Python program to compute the matrix multiplication of two matrices, A and B as C=AB. A and B are 20X20 matrices containing random numbers between 0 and 1000. Once done, push this into your git repository, which was developed in the class, and make a pull request.\n",
        "\n",
        "Alternative: In case you are having technical difficulties, you can also (a) submit a link to your git repo, (b) write the code in google collab and share the jupyter notebook with the instructor.\n"
      ],
      "metadata": {
        "id": "_SL3X4P2YIkY"
      }
    },
    {
      "cell_type": "markdown",
      "source": [
        "#Answer"
      ],
      "metadata": {
        "id": "KE0bkayLYQoq"
      }
    },
    {
      "cell_type": "markdown",
      "source": [
        "### Steps\n",
        "* Import liberaries\n",
        "* Create Generate random matrix function\n",
        "* Create Multiply Function\n",
        "* Test functions\n",
        "* Answer the question"
      ],
      "metadata": {
        "id": "unPvgVYxYbcs"
      }
    },
    {
      "cell_type": "code",
      "execution_count": 3,
      "metadata": {
        "colab": {
          "base_uri": "https://localhost:8080/"
        },
        "id": "EnuK9yWmXH-z",
        "outputId": "9ca2b29c-8a43-4e0d-a95c-5fa5e8f4a87b"
      },
      "outputs": [
        {
          "output_type": "stream",
          "name": "stdout",
          "text": [
            "======= Test Functions ======\n",
            "matrix_a =  [3, 4]\n",
            "matrix_b =  [1, 2]\n",
            "matrix_a . matrix_b = \n",
            "11\n",
            "\n",
            "\n",
            "======= Answer the question ======\n",
            "\n",
            "\n",
            "Matrix A\n",
            "[[870   7 803 610 637 651 654 561 175 489 299 678 249 197 886 946 405 544\n",
            "  915 915]\n",
            " [340 928  46 995 443 379 811 547  38 486 634 180 861 108 357 879 187 579\n",
            "  602 246]\n",
            " [672  25 516 844 659 553 633 560 897 233 899 897 120 674 956 181 986 988\n",
            "  652 556]\n",
            " [923 286 914 265 887  63  30 765 156 428 458 691 225 954 829 132 158  82\n",
            "  243 655]\n",
            " [135 451 305 670 990 979 252 824  16  98 705 201 581 131 602 124 333 829\n",
            "  554 417]\n",
            " [734 105 828  59 452 789 989 201 947 444 412 291 797  52 400 211 459 763\n",
            "  204  32]\n",
            " [524 998 891 632 569 128 594 743 996 565 855 229 510 126 641  91 240 396\n",
            "  990 440]\n",
            " [678 119 802 416 694 791 865 483 362 975 959 470 519 768 553 865 889 369\n",
            "  787 597]\n",
            " [  4 789 251 966 793 122 353 801 263 334 240 232 809 555 485 990 186 721\n",
            "  228 490]\n",
            " [297 582 559 687 334 675 293 187 732 639 944 865 944  84 872 381 869 230\n",
            "   30  53]\n",
            " [643 132 742 660 903 715 789 809 366 453 440 715 901 881 105 320 394  88\n",
            "   19 311]\n",
            " [507 828 716 249 698 499 588 358 111 320 896 892 152   9  57 428 937 200\n",
            "  961 108]\n",
            " [355 393 982 524 241  70 186 678 313 112 137 765 120 801 705 708 313 861\n",
            "  700 349]\n",
            " [141 543 841 712 343 677 128 688 299 285 654 155 788 236 765 554 143 781\n",
            "  981 357]\n",
            " [319 990 364 742 263 368 417 599 480 678 878  41 577 437 598 962 271 235\n",
            "  443 468]\n",
            " [530 809 740 466 679 106 313 249 551 463 110 156 711  49 845 364 843 531\n",
            "  588 782]\n",
            " [890 765 413 277 613 150 192 592 671  32 615 127 116 306 870  90 237 566\n",
            "  277 201]\n",
            " [632 545  39 229 892 995  61 680 447 615 518 987 739 830 960 504 870 252\n",
            "  924  46]\n",
            " [560 529 513 371 789 927 999 686 639 807 389 671 256 897 487  65  58 698\n",
            "  916 328]\n",
            " [890 551 111 537 711 820 247 973 575 532  49 827 479 921  57  46 201 954\n",
            "  663 103]]\n",
            "\n",
            "\n",
            "Matrix B\n",
            "[[325  42 606 140 556 530 154 164  48 447 723 513 564 763 505 206 340 395\n",
            "  957 595]\n",
            " [872 971 398 860 942 517 281 669 181 566  59 835 618 870  37 191 133 557\n",
            "  465 506]\n",
            " [780 279 119 625 861 263 523 387 239 602 782 380 194 566 664 153 224 116\n",
            "  990 211]\n",
            " [151   5 794  54 364 181 814 130 800 407 518  39   7 363 484 738 638  58\n",
            "  349 555]\n",
            " [363 652 449 846 644 268  94 297 678 305 136 753 543 606 493 893 585 153\n",
            "  168 292]\n",
            " [569 329 180 471 772 499 418 682 196 362 824 216  22 339 330  83  48 340\n",
            "  320 184]\n",
            " [ 23 722 512 614 229 157 998 678 465 712 203 423 867 570 991 330 101   9\n",
            "  156 683]\n",
            " [453 710 775 503 847 321 203 828 979 664 384 569 915 132 698 890 161 662\n",
            "  172 904]\n",
            " [158 842 253 311 621 119 923 235 586 396 849  34 427 947 359 903 443 453\n",
            "   94 357]\n",
            " [543 643 673 622  20 689 569 286 734 246 753 664 878 677 785 735 219 322\n",
            "  975 754]\n",
            " [460 526 352 747 855 563 237  33 249 140  83 984  69 211 393 687 968 428\n",
            "  824 320]\n",
            " [182 208 493  28 845 515 651 132 492 612 784 180 628 640 518 410 238 325\n",
            "  246 543]\n",
            " [546 484 819 297 729 103 158 607 534 713 391 203 402  11 292 539 146 472\n",
            "  786  30]\n",
            " [600 738 985 556 773 857 784  36 416 135 193 239  74 466 187 924 906 417\n",
            "  784 336]\n",
            " [650 460 869 152 924 801 340 699 684 121 747 425 503 103 244 545 347 526\n",
            "  602 659]\n",
            " [737 995 817 885 175 514 343 275 303 308 435 233 747 598  91 509 759  97\n",
            "  347 800]\n",
            " [495 238 286 111 362 134 650  17 656 280  82 296 260 841 795 443 944  32\n",
            "  826 749]\n",
            " [152 728 817 847 113 941 933 113 804 372 569 376 680 761 114 488 650 485\n",
            "  553 639]\n",
            " [907 590  11 531 932 742 740 788 525 515 928 155 386 988 466 908 387 510\n",
            "  107 600]\n",
            " [488 410 857 331 596 942 320 956 876 608 978 942 187 615 526 558 832  31\n",
            "  550 999]]\n",
            "\n",
            "\n",
            "matrix_a . matrix_b = \n",
            "[[5519086 5552654 6390883 5242637 6812698 5937335 5663244 5060673 6097809\n",
            "  4985036 6913220 4766892 5312597 6365999 5455493 6159313 5153060 3286491\n",
            "  5712259 6712186]\n",
            " [4604461 5493345 5709656 5107492 5455045 4419261 4676189 4205116 5038927\n",
            "  4326110 4341709 4210801 4744414 4965560 4047994 5326158 4116401 3109770\n",
            "  4565825 5279501]\n",
            " [5162931 5973376 6758335 5284948 7638687 6142765 7021032 4316413 6918654\n",
            "  4945163 6693454 4950042 5142659 7014754 5843449 7275143 6369304 3929700\n",
            "  6213215 6814565]\n",
            " [4562958 4362708 5467971 4093143 6395505 4840282 3836342 3572739 4757694\n",
            "  3737586 4917589 4453043 3983209 4669464 4214662 5339558 4270898 3080132\n",
            "  5330177 4866743]\n",
            " [4363661 4714493 5000506 4717573 6021730 4480608 4116953 4172238 5194927\n",
            "  3890421 4499202 4238722 3798832 4372661 3900611 5203344 4065815 3182454\n",
            "  4249675 4630806]\n",
            " [3770570 4751504 4474236 4391985 5222755 3723329 4984024 3538218 4378142\n",
            "  4116656 5009810 3487354 4355427 5131942 4480705 4481502 3403253 2888644\n",
            "  4863566 4253870]\n",
            " [5489148 6146743 5480467 5541908 7407549 5072228 5612098 4945671 5834532\n",
            "  5000228 5908356 5102206 5121217 6416021 5150700 6504256 4592707 3961685\n",
            "  5512822 5821351]\n",
            " [6308907 6706322 6917018 6360741 7544356 6287333 6539644 4959639 6530012\n",
            "  5223771 6674272 5602013 5659798 7088336 6332262 7240534 6214899 3762341\n",
            "  7115599 6966119]\n",
            " [4601915 5746472 6287256 5124755 5542107 4543307 4607589 4023421 5604094\n",
            "  4174730 4343013 4087867 4653423 4826588 3719149 5825264 4571194 3078782\n",
            "  4479384 5307123]\n",
            " [4726466 4937631 5371116 4279066 6437449 4234947 4991617 3562259 5107576\n",
            "  4149734 5118368 4108329 4256507 5135516 4564697 5325745 4444510 3308249\n",
            "  5722830 4881031]\n",
            " [4460127 5062664 5934169 4727191 6423589 4216676 4992447 3920745 5307719\n",
            "  4680722 4970644 4209408 4503571 5045836 5178007 5791327 4357700 3061676\n",
            "  5419247 4960635]\n",
            " [4821099 4792494 3967086 4795536 6203896 4188553 4637775 3603347 4329561\n",
            "  4217219 4454136 4337743 4296933 5882888 4700492 4834700 4201203 2871849\n",
            "  4732525 4984407]\n",
            " [4671585 4971059 5403977 4478551 5943077 5004055 5129443 3564217 5010396\n",
            "  3983572 5211603 3456467 4266493 5310107 3827399 5282272 4419034 3125310\n",
            "  4719667 5243729]\n",
            " [5369066 5396348 5406595 5135911 6638052 5055396 4891842 4597169 5357057\n",
            "  4348766 5581118 4088963 4191802 5061002 4021236 5672396 4318598 3614983\n",
            "  5072573 5082122]\n",
            " [5279038 5932208 5872931 5320673 6142522 4896906 4741629 4277010 5123279\n",
            "  4152045 4834659 4668115 4587123 5285128 4130337 5774461 4713140 3378730\n",
            "  5303245 5550269]\n",
            " [5017563 5134814 5358872 4548669 6022444 4633641 4737633 4362933 5420847\n",
            "  4346334 5296442 4394477 4503141 5823492 4425639 5315403 4450781 3021318\n",
            "  5365749 5452421]\n",
            " [3761606 4326257 4374108 3887846 5446770 3975378 3627919 3154922 3991294\n",
            "  3199437 3961293 3849870 3703023 4471623 3214053 4461278 3614330 3077111\n",
            "  4163033 4217666]\n",
            " [5993930 6120961 6293211 5221628 7868587 5806811 5449621 4592788 5991303\n",
            "  4591244 6014993 4625934 5250869 6304421 4963602 6847952 5152930 4310988\n",
            "  5849315 5961953]\n",
            " [5255392 6382484 6089834 5845529 7222975 5891905 6384393 4947963 6018711\n",
            "  4998876 6313372 4825837 5484591 6624434 5441944 6649311 4530055 4004849\n",
            "  5387282 5992614]\n",
            " [4442486 5391861 5793142 4815332 6366674 5143817 5401320 3877454 5484326\n",
            "  4504428 5481239 3890563 4911590 5919835 4382067 6013048 4106913 3912971\n",
            "  4779565 5266782]]\n"
          ]
        }
      ],
      "source": [
        "# Import liberaries\n",
        "import numpy as np\n",
        "\n",
        "\n",
        "# Create Generate random matrix function\n",
        "def generate_random_matrix(n, m):\n",
        "    matrix_x = matrix_a= np.random.randint(1, high=1000, size=(n,m), dtype='l')\n",
        "    return matrix_x\n",
        "\n",
        "\n",
        "# Create Multiply Function\n",
        "def multiply(matrix_a, matrix_b):\n",
        "    result = np.dot(matrix_a, matrix_b)\n",
        "    return result\n",
        "\n",
        "\n",
        "## Test Functions\n",
        "# Test\n",
        "matrix_a = [3,4]\n",
        "matrix_b = [1,2]\n",
        "\n",
        "# Multiply the matrices and print the result\n",
        "matrix_c = multiply(matrix_a, matrix_b)\n",
        "print(\"======= Test Functions ======\")\n",
        "print(\"matrix_a = \", matrix_a)\n",
        "print(\"matrix_b = \", matrix_b)\n",
        "\n",
        "print(\"matrix_a . matrix_b = \")\n",
        "print(matrix_c)\n",
        "print(\"\\n\")\n",
        "\n",
        "\n",
        "print(\"======= Answer the question ======\")\n",
        "print(\"\\n\")\n",
        "## Answer the question\n",
        "n=20 # number of rows\n",
        "m=20 # number of columns\n",
        "\n",
        "\n",
        "## Generating Matrix A as 20X20\n",
        "matrix_a= generate_random_matrix(n,m)\n",
        "print(\"Matrix A\")\n",
        "print(matrix_a)\n",
        "print(\"\\n\")\n",
        "\n",
        "\n",
        "# Generating Matrix B as 20X20\n",
        "matrix_b= generate_random_matrix(n,m)\n",
        "print(\"Matrix B\")\n",
        "print(matrix_b)\n",
        "print(\"\\n\")\n",
        "\n",
        "\n",
        "# Claculate Matrix_A . Matrix_B\n",
        "matrix_c = multiply(matrix_a, matrix_b)\n",
        "print(\"matrix_a . matrix_b = \")\n",
        "print(matrix_c)"
      ]
    }
  ]
}